97
1 0 0
2 0 0
3 0 0
4 0 0
5 158 0
6 157 0
7 156 0
8 155 0
9 0 0
10 153 0
11 152 0
12 0 0
13 150 0
14 149 0
15 146 0
16 145 0
17 144 0
18 143 0
19 142 0
20 141 0
21 140 0
22 0 0
23 0 0
24 0 0
25 0 0
26 134 0
27 133 0
28 132 0
29 0 0
30 128 0
31 127 0
32 126 0
33 125 0
34 0 0
35 0 0
36 0 0
37 122 0
38 121 0
39 120 0
40 119 1
41 118 1
42 0 1
43 0 1
44 0 1
45 115 1
46 114 1
47 113 1
48 112 1
49 111 1
50 110 1
51 0 3
52 0 3
53 107 3
54 106 0
55 105 0
56 104 0
57 103 0
58 0 0
59 101 0
60 100 0
61 99 0
62 0 0
63 97 0
64 96 0
65 95 0
66 94 0
67 93 0
68 92 0
69 91 0
70 90 0
71 89 0
72 0 4
73 86 4
74 85 4
75 84 4
76 0 4
77 0 4
78 0 4
79 0 4
80 0 4
81 0 4
82 0 4
83 0 4
84 75 4
85 74 4
86 73 4
87 0 4
88 0 4
89 71 0
90 70 0
91 69 0
92 68 0
93 67 0
94 66 0
95 65 0
96 64 0
97 63 0
98 0 0
99 61 0
100 60 0
101 59 0
102 0 0
103 57 0
104 56 0
105 55 0
106 54 0
107 53 0
108 0 0
109 0 3
110 50 3
111 49 3
112 48 0
113 47 0
114 46 0
115 45 0
116 0 0
117 0 0
118 41 0
119 40 0
120 39 0
121 38 0
122 37 0
123 0 0
124 0 0
125 33 0
126 32 0
127 31 0
128 30 0
129 0 0
130 0 0
131 0 0
132 28 0
133 27 0
134 26 0
135 0 0
136 0 0
137 0 0
138 0 0
139 0 0
140 21 0
141 20 0
142 19 0
143 18 0
144 17 0
145 16 0
146 15 0
147 0 0
148 0 0
149 14 0
150 13 0
151 0 0
152 11 0
153 10 0
154 0 0
155 8 0
156 7 0
157 6 0
158 5 0
159 0 0
160 0 0
161 0 0
