132
1 133 0
2 132 0
3 131 0
4 130 0
5 129 0
6 128 0
7 0 0
8 103 0
9 102 0
10 101 0
11 100 0
12 99 1
13 0 1
14 0 1
15 30 1
16 0 1
17 0 1
18 27 1
19 26 1
20 25 1 
21 0 1
22 0 1
23 0 1
24 0 1 
25 20 1
26 19 1
27 18 1 
28 0 1
29 0 1
30 15 1
31 0 1
32 0 1
33 0 1 
34 0 3
35 0 3
36 0 3
37 97 0
38 96 0
39 95 0
40 94 0
41 93 0
42 92 0
43 91 0
44 90 0
45 89 0
46 88 0
47 87 0
48 86 0
49 85 0
50 84 0
51 83 0
52 82 0
53 81 0
54 80 0
55 79 0
56 78 0
57 77 4
58 76 4
59 75 4
60 69 4
61 68 4
62 67 4
63 0 4
64 0 4
65 0 4
66 0 4
67 62 4
68 61 4
69 60 4
70 0 4
71 0 4
72 0 4
73 0 4
74 0 4
75 59 4
76 58 4
77 57 4
78 56 0
79 55 0
80 54 0
81 53 0
82 52 0
83 51 0
84 50 0
85 49 0
86 48 0
87 47 0
88 46 0
89 45 0
90 44 0
91 43 0
92 42 0
93 41 0
94 40 0
95 39 0
96 38 0
97 37 0
98 0 0
99 12 3
100 11 3
101 10 3
102 9 3
103 8 1
104 0 1
105 0 1
106 0 1
107 125 1
108 124 0
109 123 0
110 122 0
111 121 0
112 0 0
113 0 0
114 0 0
115 0 0
116 0 0
117 0 0
118 0 0
119 0 0
120 0 0
121 111 0
122 110 0
123 109 0
124 108 0
125 107 0
126 0 0
127 0 0
128 6 0
129 5 0
130 4 0
131 3 0
132 2 0
133 1 0
134 0 0
135 0 0
136 0 0
137 0 0
138 0 0
