149
1 0 0
2 0 0
3 107 1
4 106 1
5 105 1
6 0 2
7 0 2
8 0 2
9 0 2
10 0 2
11 99 2
12 98 2
13 97 2
14 96 2
15 95 2
16 0 3
17 91 3
18 90 3
19 89 3
20 88 3
21 87 3
22 86 3
23 85 0
24 84 0
25 83 0
26 82 0
27 81 0
28 80 0
29 79 0
30 78 0
31 77 0
32 76 0
33 75 0
34 74 0
35 73 0
36 0 0
37 72 0
38 71 0
39 70 0
40 0 0
41 69 0
42 68 0
43 67 0
44 66 0
45 65 0
46 64 0
47 63 0
48 62 4
49 0 4
50 59 4
51 58 4
52 57 4
53 0 4
54 0 4
55 0 4
56 0 4
57 52 4
58 51 4
59 50 4
60 0 4
61 0 4
62 48 4
63 47 0
64 46 0
65 45 0
66 44 0
67 43 0
68 42 0
69 41 0
70 39 0
71 38 0
72 37 0
73 35 0
74 34 0
75 33 0
76 32 0
77 31 0
78 30 0
79 29 0
80 28 0
81 27 0
82 26 0
83 25 0
84 24 0
85 23 0
86 22 3
87 21 3
88 20 3
89 19 3
90 18 3
91 17 3
92 0 3
93 0 3
94 0 3
95 15 2
96 14 2
97 13 2
98 12 2
99 11 2
100 0 1
101 0 1
102 0 1
103 0 1
104 0 1
105	5 1
106	4 1
107	3 1
108	0 0
109	141 0
110	140 0
111	139 0
112	0 0
113	137 0
114	136 0
115	135 0
116	134 0
117	133 0
118	0 0
119	0 0
120	129 0
121	128 0
122	0 0
123	0 0
124	0 0
125	0 0
126	0 0
127	0 0
128	121 0
129	120 0
130	0 0
131	0 0
132	0 0
133	117 0
134	116 0
135	115 0
136	114 0
137	113 0
138	0 0
139	111 0
140	110 0
141	109 0
142	0 0
143	0 0
144	0 0
145	0	0
146	0	0
147	0	0
148	0	0
149	0	0
150	0	0
151	0	0
152	0	0
