104
1 0 0
2 0 0
3 0 0
4 0 0
5 0 0
6 0 0
7 0 0
8 0 0
9 0 0
10 143 0
11 142 0
12 141 0
13 140 0
14 139 0
15 0 0
16 0 0
17 0 0
18 0 0
19 133 0
20 132 0
21 131 0
22 130 0
23 0 0
24 0 0
25 114 1
26 113 1
27 112 1
28 111 1
29 110 1 
30 109  1
31 0 1
32 0 1
33 0 1
34 105 1
35 104 1
36 103 1
37 102 1
38 101 1
39 100 3
40 0 3
41 0 3
42 97 0
43 96 0
44 95 0
45 94 0
46 93 0
47 92 0
48 91 0
49 90 0
50 0 0
51 89 0
52 88 0
53 87 0
54 86 0
55 85 0
56 0 0
57 83 0
58 82 0
59 81 0
60 80 0
61 79 0
62 0 0
63 78 4
64 77 4
65 76 4
66 75 4
67 0 4
68 74 4
69 0 4
70 0 4
71 0 4
72 0 4
73 0 4
74 68 4
75 66 4
76 65 4
77 64 4
78 63 4
79 61 4
80 60 4
81 59 0
82 58 0
83 57 0
84 0 0
85 55 0
86 54 0
87 53 0
88 52 0
89 51 0
90 49 0
91 48 0
92 47 0
93 46 0
94 45 0
95 44 0
96 43 0
97 42 0
98 0 3
99 0 3
100 39 3
101 38 0
102 37 0
103 36 0
104 35 0
105 34 0
106 0 0
107 0 0
108 0 0
109 30 0
110 29 0
111 28 0
112 27 0
113 26 0
114 25 0
115 0 0
116 0 0
117 0 0
118 125 0
119 124 0
120 0 0
121 0 0
122 0 0
123 0 0
124 119 0
125 118 0
126 0 0
127 0 0
128 0 0
129 0 0
130 22 0
131 21 0
132 20 0
133 19 0
134 0 0
135 0 0
136 0 0
137 0 0
138 0 0
139 14 0
140 13 0
141 12 0
142 11 0
143 10 0
144 0 0
145 0 0
146 0 0
147 0 0
148 0 0
149 0 0
