181
1 0 0
2 0 0
3 134 1
4 133 1
5 132 1
6 131 1
7 0 1
8 130 1
9 129 1
10 128 1
11 127 1
12 0 1
13 0 1
14 0 1
15 0 1
16 25 1
17 24 1
18 23 1
19 0 1
20 0 1
21 0 1
22 0 1
23 18 1
24 17 1
25 16 1
26 0 2
27 0 2
28 0 2
29 0 2
30 0 2
31 0 2
32 0 2
33 0 2
34 0 2
35 0 2
36 0 2
37 0 2
38 0 2
39 121 2
40 120 2
41 119 2
42 118 2
43 117 2
44 116 2
45 115 2
46 114 2
47 112 2
48 111 2
49 110 2
50 109 3 
51 108 3
52 107 3
53 0 0
54 0 0
55 104 0
56 103 0
57 102 0
58 101 0
59 100 0
60 99 0
61 98 0
62 0 0
63 96 0
64 95 0
65 94 0
66 93 0
67 92 0
68 91 0
69 90 0
70 89 0
71 88 0
72 87 0
73 86 4
74 0 4
75 0 4
76 0 4
77 0 4
78 0 4
79 0 4
80 0 4
81 0 4
82 0 4
83 0 4
84 0 4
85 0 4
86 73 4
87 72 4
88 71 0
89 70 0
90 69 0
91 68 0
92 67 0
93 66 0
94 65 0
95 64 0
96 63 0
97 0 0
98 61 0
99 60 0
100 59 0
101 58 0
102 57 0
103 56 0
104 55 0
105 0 0
106 0 0
107 52 3
108 51 3
109 50 3
110 49 2
111 48 2
112 47 2
113 0 2
114 46 2
115 45 2
116 44 2
117 43 2
118 42 2
119 41 2
120 40 2
121 39 2
122 0 2
123 0 2
124 0 2
125 0 2
126 0 0
127 11 0
128 10 0
129 9 0
130 8 0
131 6 0
132 5 0
133 4 0
134 3 0
135 0 0
136 0 0
137 0 0
138 0 0
139 0 0
140 0 0
141 0 0
142 0 0
143 0 0
144 0 0
145 0 0
146 0 0
147 159 0
148 158 0
149 157 0
150 156 0
151 0 0
152 0 0
153 0 0
154 0 0
155 0 0
156 150 0
157 149 0
158 148 0
159 147 0
160 0 0
